Webots Project File version R2020b
perspectives: 000000ff00000000fd00000003000000000000011c00000294fc0100000002fb0000001e00480074006d006c0052006f0062006f007400570069006e0064006f007700000000000000011c0000000000000000fb0000001a0044006f00630075006d0065006e0074006100740069006f006e0000000000ffffffff0000005400ffffff000000010000007f00000230fc0200000001fb0000001400540065007800740045006400690074006f0072010000001600000230000000a200ffffff000000030000050e0000005efc0100000002fb0000000e0043006f006e0073006f006c00650100000000000007800000000000000000fb0000001a0043006f006e0073006f006c00650041006c006c0041006c006c01000000000000050e0000005400ffffff000004890000023000000001000000020000000100000008fc00000000
simulationViewPerspectives: 000000ff0000000100000002000001180000036b0100000006010000000100
sceneTreePerspectives: 000000ff0000000100000002000000c0000000fc0100000006010000000200
maximizedDockId: -1
centralWidgetVisible: 1
orthographicViewHeight: 1
textFiles: 1 "protos/CozmoBotModern.proto" "plugins/robot_windows/atl_cozmo_ros2/atl_como_ros2.html"
consoles: Console:All:All
renderingDevicePerspectives: Cozmo_V1:HeadCamera;1;0.69375;0.719118;0.0389984
renderingDevicePerspectives: Cozmo_V1:face_display;1;0.5;0;0
